# List of equilibrium bond lengths from parm19.dat gaff2.dat and frcmod.ff19SB - dummies removed
0.9572
1.5136
2.5420
1.7870
1.8930
1.9460
1.9780
1.9080
1.8850
1.9370
1.8600
2.0380
1.8730
1.9520
1.9260
2.0020
1.9440
2.1010
1.8000
1.8660
1.8870
2.2100
2.2310
2.1710
2.1960
2.2200
2.3410
2.2140
2.2090
2.2030
1.1980
1.3070
1.4670
1.4400
1.3150
1.2160
1.2190
1.6310
1.4450
1.2700
1.0670
1.0600
1.9890
1.1530
1.1970
1.3470
1.4170
1.3300
1.3620
1.2020
1.2020
1.3420
1.4050
1.1720
1.3260
1.3180
1.7700
1.7900
1.7900
1.7530
1.5950
1.6030
1.7460
1.7220
1.6800
1.6900
1.3340
1.5100
1.3850
1.3590
1.3590
1.3460
1.3460
1.7310
1.3240
1.4850
1.5110
1.3390
1.0870
1.0910
1.0880
1.0870
1.0830
2.1700
1.3060
1.2820
1.3400
1.3990
1.5120
1.4010
1.3130
1.3130
1.2920
1.2920
1.3870
1.4480
1.2250
1.3390
1.3600
1.6690
1.8340
1.8220
1.8630
1.6890
1.6890
1.6100
1.7340
1.7600
1.7600
1.7820
1.7360
1.5380
1.5160
1.5020
1.5020
1.5160
1.5160
1.8040
1.4840
1.5010
1.5220
1.5340
1.3500
1.0970
1.0960
1.0950
1.0970
1.0910
2.2120
1.4330
1.4660
1.4620
1.4650
1.5110
1.4630
1.4560
1.4560
1.4640
1.5330
1.3170
1.4230
1.4320
1.8550
1.8580
1.8390
1.8390
1.8290
1.8400
1.8450
1.8310
1.8080
1.8430
1.8390
1.8420
1.8090
1.3980
1.4560
1.4560
1.4760
1.4760
1.4330
1.4330
1.7500
1.4060
1.4060
1.4960
1.5160
1.3490
1.0890
1.0880
1.0860
2.1290
1.3350
1.3030
1.4120
1.4840
1.3840
1.3390
1.3520
1.3520
1.4080
1.4080
1.3860
1.4690
1.2360
1.3640
1.3700
1.8400
1.8260
1.8060
1.7950
1.8290
1.8290
1.8250
1.8160
1.7390
1.7880
1.7670
1.7810
1.7810
1.8250
1.7910
1.4600
1.4060
1.5480
1.5240
1.4910
1.4680
1.4280
1.3730
1.4540
1.3660
1.4260
1.4270
1.7350
1.4690
1.4680
1.4820
1.4820
1.3410
1.4510
1.4510
1.0820
1.0820
1.0840
1.8030
1.2900
1.3810
1.4930
1.3800
1.3690
1.3170
1.3790
1.2980
1.3730
1.4290
1.3470
1.3620
1.7330
1.7690
1.7560
1.8110
1.7840
1.4120
1.5030
1.5520
1.4280
1.3660
1.4540
1.4270
1.4260
1.7350
1.4800
1.5050
1.0820
1.0820
1.0840
1.2900
1.3810
1.3800
1.3170
1.3690
1.2980
1.3730
1.3470
1.3620
1.7330
1.7560
1.7840
1.4570
1.3510
1.4270
1.4310
1.7640
1.5030
1.5170
1.0920
1.0880
1.3110
1.2870
1.4240
1.4210
1.3940
1.2960
1.3900
1.3500
1.3710
1.8140
1.8180
1.8210
1.8060
1.6800
1.7810
1.8190
1.7880
1.3250
1.4570
1.4310
1.4270
1.0920
1.0880
1.3110
1.2870
1.4240
1.2960
1.3940
1.3900
1.3500
1.3710
1.8140
1.8180
1.8210
1.8060
1.6800
1.8190
1.7880
1.3690
1.2060
1.1570
1.3260
1.6210
1.1120
1.1050
1.1010
1.3690
1.1570
1.3260
1.6210
2.2090
2.2670
1.7880
1.7940
1.6300
1.8190
1.7770
1.7160
1.7530
1.8350
1.7630
1.8400
1.4830
1.6900
1.7300
2.0700
2.0080
2.0080
2.0080
1.9970
2.0720
2.1610
2.0720
2.0720
2.0720
2.0720
2.0720
2.0720
1.4200
1.5460
1.3790
1.3870
1.3870
1.3910
1.3910
1.5400
1.2180
1.3510
1.3580
1.9000
1.8830
1.8800
1.8820
1.4850
1.4540
1.9110
1.9110
1.3840
1.3390
1.9040
1.8670
1.4850
1.6720
1.8700
1.8700
1.7970
1.8000
1.8850
1.8650
1.3000
1.4700
1.0790
1.3410
1.5210
1.0880
1.5050
1.5080
1.5280
1.3610
1.0890
1.0870
1.0870
1.0850
1.4520
1.4430
1.4340
1.4610
1.4340
1.3970
1.4050
1.9100
1.8820
1.8490
1.8360
1.5580
1.3570
1.0950
1.0930
1.0950
1.4330
1.4570
1.4120
1.4220
1.8510
1.8500
1.3390
1.4100
1.4440
1.4060
1.3970
1.3080
1.4110
1.4260
1.4670
1.3300
1.4440
1.4230
1.5360
1.5780
1.5900
1.5860
1.6430
1.6600
1.5910
1.6120
1.6490
1.6340
0.9860
1.0230
1.0190
1.0130
1.0300
1.0100
1.0120
1.0230
0.9810
0.9730
1.3360
1.4120
1.3490
1.4180
1.3530
1.3750
1.3590
1.3470
2.9170
2.0600
2.3040
2.0980
2.1850
2.1550
2.1290
2.1500
2.2310
1.9800
2.1010
2.1290
2.6430
2.5660
2.3520
2.5960
2.4300
2.8700
2.8700
2.5600
2.5710
1.1350
1.2300
1.3500
1.3600
1.3500
1.2160
1.2160
1.2520
1.2520
1.3400
1.4000
1.2770
1.3000
1.3100
1.6780
1.6600
1.6800
1.5710
1.4490
1.6590
1.6500
1.4160
1.6100
1.6100
1.2670
1.3290
1.6790
1.3680
1.2550
1.2550
1.2710
1.2710
1.3520
1.4350
1.2170
1.3910
1.4010
1.6050
1.7640
1.7240
1.5990
1.5400
1.5400
1.5440
1.6100
1.5410
1.5540
1.7380
1.6560
1.4420
1.4300
1.4200
1.4160
1.3980
1.3030
1.4150
1.4410
1.6700
1.7300
1.6970
1.6700
1.6940
1.7920
1.7540
1.6720
1.7390
1.7240
1.6960
1.4840
1.4350
1.4660
1.4800
1.3610
1.4000
1.4210
1.9420
1.8800
1.9380
1.8300
1.9020
1.8320
1.9720
1.9140
1.8110
1.8120
1.4010
1.3470
1.3560
1.3540
1.4000
1.4350
1.2390
1.3930
1.4440
1.7490
1.7620
1.5640
1.7150
1.7320
1.7320
1.7120
1.7650
1.7930
1.7230
1.7210
1.7320
1.7270
1.3330
1.5870
1.3650
1.2990
1.4010
1.6260
1.5550
1.3650
1.4010
1.6260
1.5550
1.4220
1.2630
1.2310
1.5630
1.7120
1.7020
1.6050
1.5370
1.8380
1.6720
1.4220
1.2310
1.5630
1.7120
1.7020
1.6050
1.5370
1.8380
1.6720
1.4020
1.3860
1.2630
1.4160
1.4150
1.6790
1.7300
1.7060
1.6710
1.7840
1.7490
1.6980
1.7080
1.7090
1.7140
1.3400
1.3600
1.4040
1.4320
1.4040
1.4070
1.3600
1.3600
1.4020
1.4560
1.2430
1.4060
1.8240
1.2260
1.4060
1.4210
1.7380
1.8440
1.8700
1.8340
1.7420
1.4090
1.9960
1.9760
1.8040
1.8280
1.7330
1.7700
1.7340
1.7170
1.7400
1.7400
1.7670
1.7680
1.7190
1.7280
1.7260
1.7160
1.4690
1.4560
1.6300
1.6770
1.6410
1.6150
1.6160
1.8120
1.6960
1.6350
1.6920
1.6880
1.6500
1.4300
1.5170
1.5040
1.5080
1.5150
1.5040
1.4870
1.5210
1.5210
1.5040
1.4880
1.8020
1.5990
1.5040
1.4530
1.6050
1.4650
1.5730
1.6740
1.6360
1.6150
1.6190
1.8000
1.5070
1.6920
1.6230
1.6710
1.7040
1.6990
1.5130
1.4660
1.7860
2.1520
2.1790
2.1800
1.8670
1.8670
1.7720
2.1900
2.1800
1.9710
1.9660
2.2140
2.2160
2.2130
2.0700
2.0870
2.0770
2.1320
2.1210
2.0340
2.2370
2.1460
2.2510
2.2690
2.1150
2.1040
2.0540
1.9340
2.0400
2.0400
2.0820
2.1180
2.0920
2.0550
2.0050
2.0250
1.7580
2.1680
2.2130
2.0920
2.0050
2.0250
1.7580
2.1680
2.2130
2.1990
2.2420
2.2490
2.1860
2.2590
2.1820
2.0800
2.0800
2.1680
2.1660
2.0800
2.1080
2.1180
2.0580
2.0670
2.0300
1.8970
2.0760
2.0380
2.1100
2.0890
2.0730
2.3910
2.2550
2.2500
1.8850
1.3150
1.3410
1.4930
1.3790
1.4290
1.7690
1.8110
1.4940
1.7640
1.5000
1.5160
1.4210
1.7810
1.3840
1.3390
2.0450
1.5770
1.9730
1.4460
1.0910
1.9050
2.1200
1.5160
1.9080
1.4460
1.5050
1.6600
1.7240
1.5190
1.3600
2.1150
1.9130
1.5440
1.8140
2.8830
1.9510
1.9050
1.6600
1.3600
1.8140
2.2120
1.0890
1.0890
1.7640
1.7640
1.9370
1.2190
1.5980
1.5980
1.4630
1.4630
1.4370
1.4010
1.4750
1.4250
1.4700
1.4550
1.4520
1.7020
1.4820
1.4600
1.4150
1.4620
1.4550
1.3820
1.8490
1.3730
2.1700
1.4180
1.4780
1.7250
1.3720
1.0210
1.0180
1.4960
1.5060
1.5240
1.3750
1.4870
1.7610
1.7000
1.4480
1.7340
1.0130
1.4030
1.4060
1.4330
1.4240
1.6180
1.8240
1.0480
1.6650
1.7630
1.7770
1.3330
1.4640
2.1910
1.6940
1.3980
1.5970
1.8910
1.8620
2.1870
1.4990
1.3070
1.7340
1.7250
1.7950
1.4810
1.7940
1.8370
1.7380
1.3690
1.7340
1.5080
1.7570 
1.3140 
1.8250 
1.3340 
1.8370 
1.4460 
1.3100 
1.3460 
1.2700 
1.3210 
2.0780 
2.1240 
1.2550 
1.6200 
1.8620 
1.3060 
1.3790 
1.4940 
1.8080 
1.6810 
1.4350 
1.4590 
1.3530 
1.8500 
1.3990 
1.3680 
1.4270 
1.3250 
1.2720 
1.4360 
1.3920 
1.5220
1.4950
1.5260
1.5260
1.5260
1.0900
1.0900
1.0900
1.4630
1.4710
1.5100
1.5040
1.2500
1.5220
1.5260
1.5260
1.5260
1.5260
1.5260
1.5260
1.0900
1.0900
1.0900
1.0900
1.4100
1.4100
1.8100
1.8100
1.5260
1.5260
0.9572
1.5136
1.525 
1.409
1.419 
1.444 
1.444 
1.522 
1.522 
1.522 
1.335 
1.383 
1.388 
1.358 
1.229 
1.250 
1.364 
1.323 
1.080 
1.080 
1.400 
1.404 
1.433 
1.433 
1.400 
1.510 
1.080 
1.080 
1.340 
1.381 
1.339 
1.364 
1.370 
1.374 
1.391 
1.354 
1.080 
1.400 
1.350 
1.350 
1.510 
1.080 
1.371 
1.304 
1.080 
1.371 
1.304 
1.350 
1.510 
1.080 
1.080 
1.080 
1.365 
1.240 
1.350 
1.510 
1.080 
1.080 
1.080 
1.365 
1.240 
1.080 
1.324 
1.526 
1.526 
1.526 
1.090 
1.090 
1.090 
1.090 
1.090 
1.090 
1.090 
1.090 
1.090 
1.475
1.463
1.410
1.410
1.080
1.459
1.495
1.352
1.419
1.504
1.375
1.371
1.385
1.394
1.380
1.080
1.343
1.335
1.449
1.449
1.449
1.471
1.471
1.471
1.471
1.810
1.810
1.458
1.459
1.080
1.394
1.080
1.381
1.150
1.206
1.056
1.480
1.480
1.610
1.610
1.840
1.010
1.010
1.010
1.010
1.010
1.010
0.960
0.960
1.336
2.038
1.380
1.766
1.944
2.166
1.359
1.727
2.075
1.890
1.090
1.526
1.410
1.410
1.080
1.371
1.304
1.444
1.433
1.350
1.510
1.080
1.080
1.365 
